[
    {
        "epoch": 0,
        "lr": 0.25,
        "main/loss": 7.42896032333374,
        "elapsed_time": 2.822525431984104,
        "main/accuracy": 0.0,
        "iteration": 1
    },
    {
        "epoch": 0,
        "lr": 0.25,
        "main/loss": 16.63765525817871,
        "elapsed_time": 4.465304821031168,
        "main/accuracy": 0.0,
        "iteration": 2
    }
]