[
    {
        "main/loss": 7.42896032333374,
        "main/accuracy": 0.0,
        "elapsed_time": 2.8318284490378574,
        "iteration": 1,
        "lr": 0.55,
        "epoch": 0
    },
    {
        "main/loss": 30.500783920288086,
        "main/accuracy": 0.0,
        "elapsed_time": 4.472303132060915,
        "iteration": 2,
        "lr": 0.55,
        "epoch": 0
    }
]